1.670384721630582936e+00
1.019393496607405997e-01
1.256093085056687320e-01
3.749352510892830503e-01
7.596869811196643729e-03
4.104988966637436454e-02
6.958876584745488092e-02
5.002302838908174315e-02
3.508046876765891220e-01
1.604115785595983112e-01
-1.086252211534450007e-01
8.200463351472830897e-02
-4.754815324700722434e-01
3.693362490160214534e-02
-6.395675518554884420e-02
-1.212976964244851796e+00
4.248691957438616718e-01
1.646890794129771685e-01
-3.094961189551402869e-01
2.114386166374942810e+00
7.271214602334338251e-01
3.505934385285369020e-02
8.842669939200438478e-02
9.012780939081883880e-02
1.017614746934764336e-01
3.923059108645942650e-01
1.632033634358726892e-01
1.428627378793303759e-01
9.033182624877790445e+00
4.580087103650450249e-03
1.124561957316477616e-02
1.593371872901113567e-02
8.619971664100467904e-03
-1.701193204822432636e-01
-3.054078376758162430e-03
7.752874730417542992e-02
9.682416233766383273e-02
3.263317955288696504e-01
9.654418184148752857e+00
4.530803523067231109e-02
6.947643681390648640e-02
2.189084521816134221e-01
1.444938509747783484e-01
1.413520803847571339e-01
5.985033617193702415e-01
1.948443391997528307e-01
3.056949490448910289e-01
7.665903266960956142e-01
8.649427165219164548e-01
1.637612696279872604e-01
1.305011674779323894e-01
2.995238775782416152e-01
3.261497812107026495e-01
-3.641650719926591701e-02
9.529491347883900509e-02
1.143829337186028638e-01
1.306057458033362539e-01
-3.224867113102556360e-01
9.020474572647085409e+00
3.614571243787053634e-01
-1.531073612679602000e-02
1.143813720089896860e-02
-2.630661471150221309e-01
3.067718325067592122e-02
1.664526270008664585e-02
5.902216157975465061e-02
7.485312685682413147e-02
-3.186131156206213622e-02
2.768041200656664591e-01
5.188406440184845786e-02
3.565751707192829634e-02
8.186587348235124795e-02
7.413718689305420773e-02
1.648753061033260137e-01
1.216880624155917273e-01
7.493166583365701294e-02
9.997828856970615574e-02
9.048699020902556400e-02
9.910794201583178475e-02
-1.367308602520823924e-02
-6.973589472608000828e-02
5.962490244979325171e-02
2.880831277736310009e-02
1.024980181565702253e-01
1.622252334533832163e-01
5.998338863949738420e-02
7.205299357511964209e-02
-7.131615552166382932e-02
-1.405536741412734617e-02
1.010736144691692651e-01
2.077467397257370119e-01
-5.353372796318213098e-03
-1.777348016242126516e-02
-3.093206445478511868e-01
1.126120320522940171e-01
2.686433606808514424e-02
8.319642098923943352e-02
-5.748009433485792297e-01
6.593440789314514161e-02
-2.850313466019139264e-01
1.161060249761525220e-01
1.455233554521787043e-01
5.949311665085889045e-01
5.500583976981073819e-01
6.433608594730291230e-01
-9.602717719116062034e-02
2.455719305477051945e-02
4.456366183952991528e-02
-1.889374746374454517e-02
3.590003106028048785e-02
1.040081957393684461e-02
6.545260210791784428e-04
4.086607676049053284e-02
4.600899893888146103e-02
-2.203045391153883314e-01
-1.865598699398125226e-01
9.834039268160250646e-01
3.892615443919160700e-01
4.936752204359120544e-01
-1.317203107593554468e-01
1.143168030456981066e-01
5.693933012162621932e-02
1.485765260964668627e-02
-1.309595675994792985e-01
4.588034354861461050e-01
4.017215964798672156e-01
4.882044318393338189e-01
1.455251919630194957e-01
2.022220677951074852e-01
7.223159463207380615e-02
8.714486034123905545e-02
-2.788438633432271385e-01
-6.647767020795973814e-01
-2.680664465170579658e-01
7.858250808210473504e-02
1.194514362178246969e-01
8.398877695067542837e-02
-5.584100217395742728e-03
6.559338556185589919e-02
9.483013778100353453e-02
1.262624183090028662e-01
5.563105903024113952e-02
-3.845920888600560805e-01
7.500446526645315748e-02
-4.636771408157611130e-02
6.969278767727653257e-02
5.559173348982165974e-02
-1.143925190181567797e-01
7.425757091265901277e-02
6.897971416476561535e-02
-1.430693544996007205e+00
-2.992849870230550602e-01
-7.884636628851848794e-01
1.693068258574229740e-02
-2.629462727643481768e-01
2.127099991522894348e-02
3.843659165195015270e-02
4.200545633510848614e-02
-5.339670797558990906e-02
-2.759392697291451202e-01
1.253299866723162348e-01
2.743202220582738673e-02
5.472834773307315090e-03
7.370013375382251930e-02
7.750233587242091882e-02
-4.870080540513964905e-03
-5.832520599162079877e-01
8.341885327680949314e-02
2.221127852611998882e-02
4.772406799419842043e-04
6.292544982457221048e-02
9.178337519358138741e-02
1.398341117783808984e-01
4.773424337154304892e-02
-1.333274831131598392e-01
3.546161408931778475e-02
7.848052143811076742e-02
1.752067813136219954e-01
-3.554027621524352004e-02
-4.864957434781191914e-01
-2.617501927531211137e-01
-1.065192556268057811e-01
9.212375778032430573e-02
3.005237449382902604e-01
3.240200872881978666e-01
-1.037074805812174400e-01
-6.264682760785626747e-02
-2.827550820319846836e-01
7.702598930146210832e-02
5.378194472309865554e-02
7.928267565609454781e-01
9.426975510125853441e-01
6.943249052906558250e-01
-1.306297170895571291e+00
-1.079012320583835338e+00
-7.884636627332322067e-01
-2.185678238126944062e-01
3.550984536048527179e-02
2.907509232511304789e-02
2.673400665043269342e+00
3.909405620775696200e+00
-8.578895051296063501e-02
4.129785838330568559e-02
3.526684897306224531e-02
8.775005204007152448e-02
1.155116908376782603e-01
2.223209890841022426e-02
3.417094778704684449e-02
-1.585521027336929054e-02
-1.449369029738614353e-02
-1.217097322374380286e-01
9.778067522659927152e-03
5.987175150706866567e-02
2.959033144447695968e-02
-2.811515401602214526e-02
-1.097745767640544157e-01
9.041280155856692979e-02
-4.962611955320644919e-02
9.288516790735590334e-02
1.934388554615354763e-02
5.661409915730297032e-02
8.293688488175003648e-02
5.323647644931282091e-02
6.409221494177311240e-02
6.605696571466163070e-02
6.370203772012278387e-02
5.761587980415361354e-02
9.656008799249674035e-02
1.065081380213143414e-01
3.734139951723569606e-01
-8.199809641236881219e-02
1.044224554571124633e-02
7.638068646482984447e-02
4.358403375464701135e-01
-2.540061311337997729e-01
-2.782143191748966959e-01
3.861519975235285229e-01
-6.772505889827966641e-01
4.765807525672442757e-02
3.342345874751351947e-02
5.265010783064469346e-02
-5.990081674848327792e-02
-1.157084175023253940e-02
7.975562508507937076e-02
8.415538595094822216e-02
9.096018903269054157e-02
-1.225550451707084765e-01
2.758295773785291501e-03
6.964121833249749260e-02
7.852556186509529468e-02
6.768926720581180945e-02
4.174269357813726114e-03
7.392614565598408516e-02
6.600936976475697826e-02
-5.666483818862552146e-01
-2.407461687095184821e-01
1.387778780781445676e-17
1.180636786931887616e-01
9.904620140640633952e-02
2.584875244848750669e-02
7.531019510714784260e-02
1.098922153985043004e-01
9.766674868259719866e-02
-4.311230053050276075e-03
-6.214229972673013247e-03
-9.986703954412623485e-02
3.740399815170476067e-02
-1.400021321007644537e-01
-6.308275294117779985e-01
-1.245020931252715374e-01
5.754799576569911979e-02
1.464541801420202460e-01
5.477891323961616571e-02
-1.373623202661687637e-02
1.173955553033791468e-02
8.298065076444018084e-03
1.501854828279476292e-02
6.724703605159561282e-02
7.484039216193037747e-02
4.823631050094890488e-02
4.912554205122423440e-02
-1.327345945471813393e-01
-7.154346423008384193e-02
-5.920232410795298605e-01
6.364596450313504683e-02
-1.947165963997405380e-01
2.302925917274536993e-02
5.310880620943661534e-02
-4.095318604833004628e+01
-4.095319182912005829e+01
-4.095318627929123068e+01
-4.095318230438062557e+01
-4.095318859792081412e+01
-4.095318604833004628e+01
-4.095318134720180581e+01
-4.095319245941123398e+01
